364282 366004 810131 112499 753004
32070
111452
945113
296174 812437 111649 609962 37802 424148 990697 467432 454929 67706 584037
361880
295511
348036
635892
12311 865562 259745 884585 868926 230914 660734 157865 655903 265720 321534 438773 854830 965515 191583 603263 520397 719818 75865
801181
768999
734418 796635 869756
656465
644410
705798
855624
468522
561076
99142
963913
342119
629631
857962
471985
547633
481977
71751
693664
383831
478842
153771
436024
969268
427233
465135
689469
26664
486603
98779
185981
164975
813632
939658
336992
160918
995218
167317
907970
898925
282880
630981
750596
501209
783950
89107
152969
579554
890660
691566
36839
876820
277268
251430
647758
304920
972443
910380
613371
68893
968985
757270
712720
292156
16228
130086
45919
517782
903966
672582
98350
383889
119532
84190
112740
30298
528896
905461
618094
30631
456490
699169
509582
707040
169599
151417
499183
161663
415636
693790
355923
788027
591220
144783
744402
871147
721536
327464
703652
378873
177953
931956
147603
342079
370975
126562
121226
713384
318977
946881
354947
963755
673933
567716
864654
588374
961839
52828
737666
332991
487393
294275
762929
352385
413037
458425
546362
529000
6022
522954
371604
102132
804179
331711
916083
959009
700973
280145
174089
53984
97370
392119
638658
869236
582562
945690
894622
180408
733884
281099
659525
176365
394104
580794
784760
946541
606092
432316
182814
74632
196641
408229
613885
4440
45560
706304
182883
411660
730420
881225
700639
699122
537810
313875
751793
58752
971415
582792
715116
790146
362029
434612
659401
963689
520455
972305
331179
424274
428153
256454
387963
920185
755456
997729
183717
715644
909992
306722
701502
506491
763389
149306
721798
392305
979620
356341
870610
27754
525993
444251
165883
546843
19916
477346
644011
557507
605931
645036
492875
501101
451048
50586
652044
997304
77822
405275
546026
771257
768399
767725
648876
256105
623549
584255
349925
806299
753994
872122
745669
481737
800430
322726
274407
27141
474329
766079
199827
993175
813081
123905
700654
210700
840353
917556
821761
901797
147622
535739
106695
15765
588110
746524
992657
857949
407446
58986
326509
143310
590607
85883
441246
903630
718573
603715
652035
179965
737364
702329
452598
464838
686068
418084
459729
236645
557460
467425
865961
66587
839835
710307
536929
884970
24812
782565
324146
607454
833812
794127
716984
870965
887391
59312
229775
502726
885609
728311
378554
986171
498002
975174
843405
187808
185371
304891
320809
171997
614418
67101
286874
314545
406709
403970
524212
827597
630706
934383
60355
693396
560284
964590
683624
313679
252552
646843
433637
887709
986041
709010
620343
37447
90759
638119
861361
72776
356253
677789
123355
878602
983237
856652
381003
753304
813448
799067
876954
345101
5333
637458
590417
816536
898280
531284
707424
891624
439352
360181
877565
561414
612631
159651
730214
468634
676718
587241
884316
26001
156573
568669
558756
13683
367265
754297
73166
741032
747792
689528
200869
84446
235476
485751
102114
806883
392345
450115
364236
669452
687074
972995
700878
989111
231789
137544
262990
503276
53799
550367
527817
600363
933954
210971
957314
675671
177231
234189
193044
832024
20619
253638
486153
870314
782156
704966
539345
721317
61074
533185
372490
839524
754304
652541
834147
286713
68367
602574
11975
829654
398814
839470
166523
232795
818153
926512
598791
98280
605967
360449
584467
710105
998771
210369
586201
614271
804146
560368
972067
860982
280640
261484
548670
525541
675251
370253
823748
947569
321819
465523
234511
689661
431042
855108
473984
6436
80038
703961
915124
929935
592888
               743224              72156                   429497
259357
255911
647047
558073
869546
774791
179675
500427
979831
293005
827040
159070
531264
953084
214110
309573
235294
     387182
247308
535112
748009
286052
104999
896546
869073
87451
2370
269509
515655
475050
178326
996024
596253
984918
519923
831037
833191
202427
367878
387011
547050
162104
905100
943571
380335
158466
81428
89861
593802
750951
185199
211977
110962
857208
443501
588383
802838
934928
174511
626503
378241
998518
205391
485790
335255
381297
396614
576285
418855
475779
347115
396437
872542
595218
474131
582251
164203
297199
100875
314007
540545
761248
198992
866389
946680
193078
107041
785839
766214
322212
331331
397298
493913
729529
12171  282078 936703 745201 948226 519562 742101 990583 447593 733453
856087
474371
932147
50776
684381
486293
622418
431968
26648
717879
862591
206448
213368
637244 859703 765499 966287 738950 590738
798168
3376
285059
677921
365189
644038
                598703 751106 256130
185762
24973
551083
710231
905326
946675
590000
219447
223695
967928
290183
187602
44775
270456
426402
299130
882046
329813
421255
921997
340952
670288
935605
41844
737065
693632
797691
350535
436557
861838
764601
996692
195926
143200
752814
588489
834235
291474
105165
697345
944019
319807
586873
419416
613134
27808
25852
330794
61914
95879
913086
839298
393546
277713
510308
69476
559205
379103
97246
9214
1904
34883
364965
735015
196497
151075
349796
966745
491537
969155
811201
222667
872084
772526
168699
528334
732256
792506
887598
537297
59261
165479
311335
95196
892984
581631
3340
259347
995139
783446
510992
412476
99944
181630
933333
719399
178823
613545
252556
805882
428188
998291
568109
723743
53540
269058
414176
986116
394147
735137
496115
753343
858402
893901
788570
503688
190801
89024
747819
993447
705210
898554
367426
606404
909188
258259
655386
675059
200139
779031
764716
515299
533846
558024
860352
179407
67136
759194
134462
98146
715794
275631
828949
391466
288100
890050
504340
950799
522629
615850
71310
318931
104487
232521
442696
447098
539722
376917
819930
294143
739691
81624
880605
757728
154735
548343
734858
305153
984938
520271
286173
64394
58258
472342
53537
763383
116057
731630
968267
747852
65746
223947
408692
139589
510583
104076
136106
422070
854939
533749
913868
114243
923549
126169
962742
834760
738950
292265
439385
534597
621567
76105
207809
481592
848838
4719
340412
747127
559666
220187
714994
221654
333636
261345
810636
249009
161362
271493
636427
190623
609493
669580
131345
11542
394038
7649
605706
479538
910214
612765
797709
92127
208778
801178
503293
109631
563343
195625
666845
483616
66421
640204
846617
824410
523453
150332
720391
294949
330761
50659
924518
30658
171031
751095
618051
236034
193223
188646
765264
170360
810619
802951
432489
816269
100195
20299
714865
789465
418255
722550
407666
267895
952931
600622
209508
581403
966792
181859
198481
345943
573877
252555
773055
580466
502377
637614
451988
551230
990801
433672
518992
370281
919628
838355
314010
34414
584763
61105
229037
921741
431516
968983
394816
532480
130517
237156
379460
354689
631766
629981
731680
980072
48637
248342
405866
411700
161200
312965
37884
548875
843042
81334
891601
893726
531453
917306
424871
185723
179519
869439
488077
416004
203179
698926
980054
459070
18479
852052
690881
600358
283432
346594
162594
693012
